-0.19545276 0.30081394 0.01695039 0.16264588 -0.014473074 -0.0117302565 -0.052399322 -0.079982884 0.10510857 0.466093 -0.14901884 -0.07465584 0.23665106 0.10171024 -0.075253144 -0.01560022 0.08707665 0.059376974 0.11574194 0.100720175 
0.106992625 0.029714555 -0.13861498 0.00677705 0.038767748 -0.20000985 0.092527136 0.41703165 -0.00089434313 0.66035455 -0.16684484 0.25006822 0.3919692 -0.01549787 -0.5805304 0.19634782 0.0124946 0.050673347 0.10481263 -0.08108846 
0.17832185 0.104067676 0.30283114 -0.17763148 -0.07707998 -0.050880548 -0.04029573 -0.23387502 0.070509434 0.02916955 -0.11621577 0.19090103 0.37037846 -0.064546436 0.022071542 -0.11241597 0.042717636 -0.29334185 -0.20982713 -0.29250154 
-0.43246302 0.15234792 -0.6536292 -0.7046304 0.12411337 -0.18656474 0.2469972 0.18420643 -0.13718644 -0.13791467 0.15529315 -0.07757712 -0.15346862 -0.33571696 -0.010600896 0.062542446 0.34538564 0.122073226 0.15571594 -0.24304049 
0.1819526 -0.106388584 0.07100016 0.07355217 0.071581855 0.23960255 0.39753142 0.31042048 -0.19999556 -0.18638393 -0.15827985 -0.06335161 -0.6620808 -0.14908375 0.100126915 0.0012080712 0.50805783 0.07033449 -0.111934975 0.5417177 
-0.23865254 0.048502628 -0.33694187 -0.16321847 -0.4687373 -0.083981 -0.17255107 0.26654014 -0.26630396 0.081462674 0.14272833 -0.21576965 0.012704968 -0.2029188 -0.07084905 0.3502792 -0.11795044 0.057946615 -0.018055415 0.07963954 
0.12421053 -0.1283809 -0.0024089962 -0.31750214 -0.21484801 -0.13678268 0.31599885 -0.20333423 -0.1827592 0.16910943 -0.28953573 -0.21075422 0.35686445 -0.07849064 0.045601174 0.4380748 -0.073819764 -0.12609626 -0.22375314 0.21428724 
0.12541246 0.29788622 0.065443106 0.47534627 0.047914755 -0.088751435 0.16166458 -0.17642696 0.39606822 -0.08351437 -0.14962713 0.12626357 -0.008831792 0.42239413 0.25384748 0.2032346 0.29799202 0.2856062 0.3705363 -0.3599719 
-0.07034327 -0.14658822 -0.34649202 0.13524622 0.18742134 -0.0008968389 -0.24206662 0.22903535 0.23956248 0.27684164 0.15318726 0.36472505 -0.21495712 0.4068309 0.15994368 0.15615253 -0.2552837 0.2624057 0.21598783 -0.49244615 
0.04049352 0.33479062 0.46970743 0.3405259 0.15441437 -0.086564146 0.16294955 0.17932695 0.31389338 -0.300454 -0.113181 -0.026279146 -0.17551975 0.20888536 0.2561546 0.0031110467 0.057730213 0.097719446 0.38362342 -0.27020812 
-0.071790405 -0.079894684 -0.08433708 0.1414993 0.38096982 -0.02183956 -0.10291248 -0.34612948 0.054921847 -0.33913603 0.21165694 -0.16536139 -0.22535463 0.14385636 0.20633343 -0.39657825 -0.5467839 0.3063176 0.22248237 0.05973054 
0.13264148 -0.11560494 -0.31416255 -0.09630792 -0.3071111 0.1672145 0.22892809 -0.27352178 -0.28565967 -0.3772591 0.00084791816 -0.20930012 -0.25452328 0.024582993 0.010455462 0.1311755 -0.37013984 -0.15057857 0.09022825 0.3819357 
-0.1979545 -0.16170898 -0.114762545 0.08791233 0.2817871 0.15765308 -0.19215372 -0.18816707 0.116483085 0.05228264 0.28374138 0.36808097 -0.11628324 0.11264957 -0.2870472 0.3674085 0.139723 0.35692665 0.39418063 0.32807577 
0.47899327 -0.11933705 -0.118016824 0.22040823 -0.16794835 0.07330212 0.31254652 0.25949854 0.2271531 0.3495477 0.18340841 -0.12644616 -0.3332934 0.15835947 0.020509461 0.1299346 -0.11049039 0.36850163 0.38500586 -0.105172954 
-0.26088876 0.29466322 0.23177435 0.09460836 -0.06714555 0.28033468 -0.22761485 -0.09045339 0.17796855 0.03994541 0.050472334 -0.0054688184 -0.06994551 0.200614 0.14564544 0.15315813 -0.39987123 0.2880103 0.0664526 -0.0260496 
0.18539834 -0.06318989 -0.18790834 -0.031687222 0.37776503 0.3616768 0.22557741 0.011481457 0.11518862 0.010011398 0.3307508 1.1193326 0.032965638 0.32894057 -0.53406435 0.27020565 -0.033310883 -0.021548042 -0.18694192 0.034598794 
0.17965075 -0.24071161 0.008417607 0.057005618 -0.025260655 -0.63194555 0.107720025 0.103130855 0.11303327 0.13929348 0.25910845 0.25162408 -0.51969093 0.26083192 0.23138376 -0.89326733 0.12320821 0.46457827 0.32587194 0.22624803 
-0.19808622 -0.34765786 0.004425021 -0.06937765 0.01728774 0.13615014 -0.20846325 -0.35487157 -0.15373234 -0.26685545 0.09166384 -0.38252112 -0.17932907 0.046824276 0.08610804 -0.22642873 -0.19541034 0.09011627 -0.12031322 -0.30779564 
0.19881372 -0.12846605 -0.073971495 0.3805636 -0.1493641 0.037785638 0.13813578 -0.007369162 0.19313559 -0.059894722 -0.11465713 0.21796386 -0.17971359 0.5234006 -0.034438107 -0.1250256 -0.11733989 0.34309298 0.28760895 0.044668254 
-0.065686904 -0.07828668 -0.19640411 0.024277408 0.2314882 -0.25335678 0.31603488 -0.3922183 -0.04605027 -0.4815887 0.48585546 -0.36939463 0.06084075 -0.11357679 0.19991083 -0.32400972 0.5609789 0.21202588 0.16753021 -0.32520255 
-0.88766605 -0.25737378 -0.18512191 -0.19387704 -0.7331432 0.1578112 0.3674818 0.12077035 -0.24349968 0.11935595 -0.51912934 0.12201694 -0.4325462 -0.3299509 -0.104840234 0.13619573 0.25278422 0.12732407 -0.028422536 0.24325787 
0.18590729 0.04245654 0.109119885 -0.05021275 0.36816928 -0.03228311 0.13847777 0.36969158 -0.20908593 -0.036108095 -0.118529454 0.33375752 0.09257396 -0.19346912 -0.48379925 0.07513063 0.15436095 0.17762591 0.098795414 0.14218314 
-0.56379783 0.03430485 0.10024206 -0.12529977 -0.34509942 -0.12024852 0.07178712 -0.44025144 -0.36386093 -0.09780234 0.22353852 -0.32323295 -0.12513052 -0.2557117 -0.2217849 0.13798109 -0.01421127 -0.1507838 -0.1370298 -0.20007502 
0.124548174 -0.10499478 -0.09031045 -0.24597959 -0.15859038 0.21024124 -0.20012024 0.12032682 -0.22908598 0.08568421 -0.47402748 0.06837195 0.34061894 -0.20934072 -0.049946796 -0.15792695 -0.1398809 -0.06536681 0.060931105 0.20530629 
-0.2411426 0.07539518 0.0008976528 -0.022145426 -0.40639454 0.19855583 0.2996676 -0.04058651 -0.15104504 -0.08531553 -0.92917705 0.076699525 -0.004957392 -0.20079742 -0.065866046 0.16982803 0.23746173 0.055246584 -0.19449086 0.5770266 
-0.19191931 0.014342492 0.010378567 -0.15208836 -0.1389708 -0.1647802 0.07973342 0.26555383 -0.194183 -0.15376419 -0.17839217 0.30778372 0.04126672 0.090121605 -0.47532877 -0.32747653 0.44176468 0.08848593 0.17119463 0.015564615 
-0.42313027 0.085265815 -0.2522531 -0.32963276 -0.81583697 0.093765534 0.108837806 0.09753141 -0.60489833 -0.14074807 -0.12657133 0.1584724 -0.2770002 -0.47811398 -0.45612934 0.1743475 0.3437471 0.1591386 0.3797871 0.24961041 
-0.023669466 0.48733324 1.0696474 0.2649489 -0.08592436 -0.31564233 0.0026547418 -0.023113456 -0.042986214 -0.14642337 -0.18553336 -0.20546587 0.19637397 -0.16960838 0.30687657 0.070603125 0.53801274 -0.008368247 0.037391298 -0.14549577 
-0.3104221 -0.054049987 0.045517296 -0.24219003 0.13134493 -0.3426085 0.2324224 0.36594796 -0.17308836 0.07572711 0.20034945 -0.17699338 0.13525519 -0.38927317 -0.06516635 0.055082846 0.25043023 -0.19271883 -0.085319765 -0.38519764 
-0.3559062 -0.08158195 0.1593743 -0.19404094 0.18961051 0.08215512 -0.06657308 -0.5007453 0.41398895 -0.05871169 -0.12870902 -0.2235187 -0.24924698 0.07971689 0.003207336 -0.21649766 -0.4651278 0.20619835 -0.05996533 -0.17870459 
-0.1894235 0.29226118 -0.08899446 0.030210301 0.08631544 -0.34426746 0.075864166 -0.17273773 -0.13695054 0.010687203 -0.1592994 0.014434316 0.11985123 0.074763544 -0.15467046 -0.15615395 0.45409963 -0.033150896 0.31645265 0.054043386 
0.020196721 -0.08396979 -0.31938314 0.23129778 0.25048044 0.15578702 -0.10282635 -0.3690929 -0.09267698 -0.27402684 -0.057996113 -0.19205861 -0.09135922 -0.01754796 -0.014641113 -0.074100986 -0.4114284 -0.101091735 0.034545917 0.23731844 
0.036217242 0.01999537 -0.3052207 -0.32876933 -0.6728721 0.28893554 0.4661595 -0.048446413 -0.32624224 -0.06642904 0.021437027 0.043226093 -0.18109496 -0.3081775 -0.2043866 0.2450259 -0.03790616 0.37058023 0.16960914 0.4461423 
0.030379903 -0.037087165 0.04410451 0.11018349 -0.14023368 -0.07958803 -0.16048649 -0.30626068 0.4557757 -0.09661956 -0.14911607 -0.33455986 0.11038728 0.11855778 0.27572873 -0.024553178 -0.4787283 -0.01597514 -0.034774717 0.37539884 
-0.037356634 0.10960616 -0.10925854 -0.24593085 0.4649279 -0.003129362 0.12716092 -0.024160583 0.44397393 -0.11605738 0.19059548 -0.17646202 -0.48689967 0.10851869 -0.22401115 -0.23452894 -0.4862318 0.22039509 0.19725025 -0.36702028 
-0.36946133 0.00012346653 -0.06061771 -0.3167204 -0.6832958 0.51845264 0.10713789 0.046160255 -0.39731205 -0.13115491 -0.65035576 -0.0942615 -0.40877917 -0.13879077 -0.30759305 0.2603079 0.21090153 0.008573944 0.2036787 0.30706373 
0.22629158 -0.10648882 -0.15098122 0.043410975 -0.18208295 -0.2507544 0.06028539 0.17580296 -0.0793414 0.21498221 -0.13815227 -0.0680223 0.21835564 -0.3521845 -0.0063732355 0.21968773 0.2391276 -0.060417265 -0.3712306 -0.20068885 
-0.18562488 0.020458473 -0.06455115 0.04691942 -0.0012742288 -0.04659557 0.2482299 0.19455664 -0.046273466 -0.11047251 -0.19548224 -0.07765725 -0.19272555 -0.025933968 -0.45000684 0.030568652 0.19527441 0.014771899 0.22845887 0.29281932 
-0.18244334 -0.2172551 0.21696131 0.04081237 0.21272378 -0.12131319 0.097832695 -0.056727227 0.117874 0.1230449 0.33886436 0.2531893 -0.3654292 -0.27802968 0.39241153 0.3407614 -0.08171805 0.09919728 0.2076911 -0.107306585 
-0.32153124 0.11152757 -0.26149616 -0.4671475 -0.44520023 -0.061346933 -0.565947 0.39370605 -0.413456 -0.25352556 0.19947875 0.11135629 -0.3001566 -0.14090341 -0.04424659 -0.13248456 -0.101410374 0.12035836 0.18078233 -0.0645778 
0.10084354 0.0012963722 -0.2798478 0.32554176 -0.07073862 -0.3018441 0.35244888 -0.37889853 -0.04727833 -0.26879317 0.023305055 -0.49472412 0.09622483 0.23841414 -0.13132477 -0.10576243 -0.0840461 0.38830125 0.3843237 -0.33989882 
-0.23701847 0.14019392 -0.08357984 0.27057305 0.14754008 -0.103099465 0.16305362 -0.4360353 0.48522043 -0.18889652 0.040213645 -0.5368986 0.06889222 0.32497585 0.24974656 -0.056203436 0.12941362 0.327176 0.19685365 -0.4767606 
-0.1813845 -0.0060277856 -0.19953217 -0.29462168 0.20288551 -0.033956062 -0.18485856 -0.1850702 0.47809607 -0.19091113 0.114695884 0.03738757 -0.19383538 -0.06661088 -0.08348263 -0.46307743 0.044538837 -0.21464266 -0.01777718 -0.0029211782 
0.2045055 -0.22203095 -0.2884406 0.24193752 0.33866495 -0.18864447 0.3376177 0.17542915 0.1811664 0.523465 0.0041212495 0.13204738 0.17460547 -0.011374035 -0.42121792 0.27224553 -0.16886929 0.063402064 -0.16074234 0.32393533 
-0.06950022 0.20262294 0.11489062 -0.09974613 0.041641124 0.4227851 0.41501844 -0.06597443 -0.071780734 -0.06917769 -0.5748296 -0.07108624 -0.25240752 -0.27481914 -0.3779334 0.33903098 0.23665743 0.06305577 -0.021313902 0.40487045 
0.0786712 -0.12228292 -0.2890103 -0.2195556 -0.3695204 -0.32124063 0.58450735 0.07312328 -0.09462168 0.059336375 -0.042036604 -0.10198039 -0.087924115 -0.44369292 -0.05381001 0.30384988 0.23960033 0.31545663 0.24452904 -0.010119404 
-0.11986396 -0.33102673 -0.09097122 0.15357599 -0.13371108 -0.16279922 -0.061022654 -0.12554462 0.020376805 -0.32508466 0.16493215 0.42517462 -0.040230595 0.17280783 0.1453703 0.11535298 0.03508445 0.09406443 0.13169374 -0.15856561 
0.21534553 -0.13602218 -0.14833696 0.0143984845 0.18887413 -0.34509867 0.3788002 0.34233126 -0.023316516 -0.07890776 0.12314248 0.18324928 -0.18371947 0.26256457 0.20919882 0.13789506 0.30276027 0.35968816 0.18094684 -0.4235063 
0.022509176 0.045702524 0.057582315 0.22476089 -0.043042608 -0.23184249 -0.051152043 -0.3138236 0.40043557 -0.048498284 -0.11618224 0.6844879 0.38044083 -0.05968865 0.4069348 0.052598942 -0.015878165 -0.25334597 -0.018141942 -0.25878304 
0.21553811 -0.06991009 -0.3142142 -0.10443233 -0.3210147 0.032112688 -0.12953457 -0.10692607 -0.31217533 -0.15235649 -0.28287098 -0.29374406 -0.34321922 0.24924013 0.11242238 0.038241833 -0.33267465 0.2390382 0.14003398 0.10997226 
-0.20938066 -0.06850024 -0.15960775 0.03930018 -0.029903796 0.29195198 0.23846461 -0.36670706 0.15849046 0.5006738 0.11266273 0.17839006 0.19388027 0.015239694 -0.37760237 0.15077585 0.050228074 0.3318058 0.16057706 -0.102933876 
-0.26207903 -0.062129274 -0.025109898 0.34397334 -0.010124831 -0.035114896 -0.11576967 -0.1182708 0.13245098 0.33893278 0.1558918 0.3368107 -0.11980891 0.36495295 0.047601297 0.0547155 -0.23946992 0.113434725 0.2918359 -0.397675 
-0.016400294 -0.12528515 -0.6548262 -0.6248165 -0.16043551 -0.1810784 0.11498432 -0.0039814715 0.027252724 0.030951556 0.15194409 -0.10703511 0.15837426 -0.42929128 -0.084470846 0.02120924 -0.2778599 -0.33878237 0.030629398 -0.0051085553 
-0.5237353 -0.07927775 -0.03701917 -0.53715956 0.39432862 0.17114948 -0.12173738 -0.4244507 0.17701064 -0.46138045 0.0824039 -0.25116852 0.14275388 -0.2738155 0.04695891 -0.22243547 0.018766865 -0.1540405 -0.08821937 0.029870974 
-0.7054395 0.07832506 -0.40300834 -0.06639212 0.09944615 0.30062854 -0.06522494 -0.23676781 -0.4991502 -0.22301571 0.1195982 0.14628577 -0.1268413 -0.34804806 -0.045270912 0.1850262 -0.11936948 -0.24188776 0.18631546 -0.0018909096 
0.05620392 0.16634704 0.11627565 -0.07823002 -0.16646047 -0.34354508 -0.18960926 0.3033426 0.010111678 0.059100755 0.015095535 0.4608445 0.18808359 -0.13475251 -0.18630469 0.19894461 0.34739062 -0.06656187 0.12586853 0.20213577 
-0.25990722 -0.07813659 -0.16969115 -0.013351718 -0.2754961 -0.07985168 0.16490561 -0.45661506 -0.32676244 -0.15469167 -0.045258336 -0.19634719 0.40099648 0.24184243 0.23930891 0.16382752 0.13644211 -0.21504657 -0.15677664 -0.4025097 
-0.69583404 0.073361605 0.018934628 -0.2392344 -0.42299804 -0.34066904 0.24521777 -0.60569054 -0.30466798 -0.25401857 -0.51623166 -0.34568882 -0.01818335 0.1381456 -0.07546184 0.1289256 0.12081634 0.09529618 0.0989641 0.28330603 
0.30536962 -0.037141033 0.070726715 0.28830853 0.0028547691 -0.03619302 0.31856015 -0.109695844 0.2891765 0.76829183 0.08269319 0.03932991 0.35718665 -0.004865091 -0.42570725 0.28820008 -0.043717258 -0.018276071 -0.06887188 -0.16723724 
0.51866204 -0.04276048 -0.14217696 0.15126844 -0.17610978 0.2444127 0.5014929 -0.18089241 0.32134956 0.8804813 0.05435725 -0.06581851 0.40866023 -0.18217607 -0.4273426 0.63931143 0.078780234 0.22742906 0.09922685 -0.13891509 
0.2549064 0.29422927 0.20706461 0.1661033 0.022319913 -0.25063232 -0.20201266 -0.09591721 0.34032094 -0.1991702 -0.15707284 -0.22222376 0.21722257 0.604054 0.08252814 -0.18834953 0.070800304 0.456419 0.4215245 -0.25865448 
-0.42796722 0.27030408 -0.018942898 -0.31759855 0.035392273 0.45169058 0.013902492 0.34969965 -0.08821857 0.34148815 -0.33723867 0.22686571 -0.46390855 -0.26893 -0.12460173 0.21230753 0.558346 0.1535266 -0.08336413 0.30789044 
0.023185687 0.11319732 0.17463678 0.41119832 0.06940267 -0.018431926 -0.030364776 -0.45300436 0.0199882 -0.28031033 0.15834758 -0.4252722 -0.037243906 0.5948998 0.3112952 -0.08266274 -0.24751596 0.3059486 0.3867055 -0.006250392 
-0.24504164 0.29179418 0.15993069 0.13239573 -0.09802717 -0.18450788 -0.120915 -0.111324206 0.22682928 -0.1005954 -0.06930963 -0.2573006 -0.0666624 0.013759679 -0.06903883 -0.15027751 -0.22358353 -0.3049935 0.15015984 -0.18973854 
0.35928792 0.12766024 -0.13748725 0.18257871 -0.26149055 -0.33496478 -0.06290604 0.32188264 0.017210998 0.21363573 -0.091958016 0.13577293 0.45878828 0.0078522535 0.11873216 0.11149014 0.06355616 -0.08834092 -0.08626423 -0.0143833645 
-0.052489903 0.107672885 0.17184721 0.25752676 -0.11137922 0.08711813 -0.36756557 0.0635262 -0.03956591 -0.27873957 0.16770692 -0.14244416 -0.11512143 -0.17731215 0.18275799 -0.19524114 -0.4183038 0.33728325 0.15923536 -0.095604815 
-0.2760314 -0.09363987 0.14020902 -0.4584662 0.1473608 -0.13904561 0.31559566 0.10083394 0.05981679 -0.18537773 -0.01512167 -0.16142488 -0.16818804 -0.49290752 0.30251187 0.048764545 0.13068323 -0.055924896 -0.19421868 -0.3470906 
-0.13712895 0.11831151 -0.09104308 0.19695619 0.2561477 0.13811615 -0.08435423 0.37713006 -0.027757484 0.004977243 0.39277455 0.034526907 -0.047889575 0.07648872 -0.17792322 -0.08501364 0.115801595 0.31590012 0.4279031 0.1341991 
-0.28987738 -0.042238355 -0.20581843 -0.4872594 -0.846175 -0.24893823 0.05318473 -0.28386888 0.07078351 -0.12419222 -0.237226 -0.20274569 -0.110979594 -0.26445758 -0.09306174 0.1836683 -0.29357028 0.06934386 -0.10602507 0.2129152 
-0.026191799 0.32804316 0.24994376 -0.05260373 0.07476204 -0.1737291 0.34387386 0.12344752 0.084816486 0.13578735 0.321232 -0.06728625 -0.049081285 0.0808131 -0.65222317 -0.35452133 0.25507903 -0.19092533 0.27438694 0.19682989 
0.2591581 -0.12516434 0.2693412 -0.20143004 0.25286275 -0.09353707 0.3082283 -0.70015293 0.26831725 -0.39351422 0.4181173 -0.41331217 0.44325146 0.059631202 -0.12581451 -0.20889358 0.05430666 -0.005383311 0.15452811 0.14419124 
0.16599916 0.37958264 0.030235305 0.35753733 0.13115793 -0.40194717 0.04764986 -0.029770005 0.45625016 -0.13899504 -0.10041112 -0.016180212 -0.16234963 0.6108336 0.22753517 -0.09047958 0.09988218 0.1622863 0.47436985 -0.097224765 
-0.17885223 0.048181854 0.02884067 -0.08069486 -0.21132879 -0.22782043 0.21760842 0.0014882383 -0.14376996 0.020977532 0.096645966 -0.11298584 0.2217694 -0.31045404 -0.2586982 0.041562557 0.32728803 -0.30715683 0.18937367 -0.3469333 
-0.7846014 0.10558924 -0.48306805 -0.47124285 -0.058695193 -0.25691205 0.03255461 -0.3129101 0.082219236 -0.05477004 0.31759134 -0.34938294 0.1109275 -0.19174306 -0.05468856 -0.007353447 0.009405289 -0.1911709 -0.25082573 -0.13113028 
0.008332581 -0.050766204 -0.49203068 0.033166718 0.2667206 0.31202498 0.14090364 -0.42720598 0.23213908 -0.25475767 -0.0010606518 -0.04355571 -0.2383783 -0.12523185 -0.13160865 0.17251126 -0.10390941 -0.088627376 0.1506276 -0.07586923 
0.07742253 -0.12328204 -0.56052744 6.693189e-05 0.15345977 -0.32787353 -0.010526617 -0.22082546 -0.0462831 0.40108722 0.32544908 0.04071378 0.072420016 -0.054893486 -0.027691977 -0.055209443 -0.2468079 0.09229697 0.16638467 -0.54974306 
-0.23227508 0.15475436 0.05226936 0.24028899 0.16708095 -0.3543383 0.08588282 0.12569848 0.12698384 0.1485509 -0.0059026894 0.17423613 0.16173156 0.07325279 -0.3614327 -0.4507068 0.019485218 0.20609166 0.22515488 0.22971694 
0.123903506 0.29908723 0.26372772 0.032551978 0.42608812 -0.41326052 0.29775715 -0.108800545 -0.08078513 0.042799078 0.36240026 0.0032288649 -0.09677673 -0.09122344 -0.48374656 -0.074831575 0.3204914 0.32807353 0.027175939 0.11779048 
-0.11823342 0.4985294 0.16296366 -0.046306856 0.41375715 -0.57603955 0.3343823 0.04488658 0.287 0.0048303725 0.013717748 0.03928573 0.1714336 0.19366604 -0.45517623 -0.5558015 0.027888963 0.036769103 0.23868558 0.24621354 
0.36923397 0.17131974 0.13117331 0.21863091 0.1850943 0.012706688 0.08831084 -0.14112593 0.18409568 0.20445696 0.28461647 0.8680474 0.22621004 0.037409004 -0.5451367 0.25899047 0.32269874 0.03801249 -0.16574122 0.2023461 
-0.20422792 -0.24179849 -0.16431087 -0.37519476 -0.084447354 0.03577746 0.13840856 -0.10167941 -0.16592896 0.107379936 -0.08427441 -0.05566223 0.35248777 -0.5164467 -0.04532708 0.048723232 0.16190623 -0.46705747 -0.23529144 0.024816757 
-0.06564251 -0.05837821 0.006652604 -0.058222733 -0.033676762 -0.19988893 -0.119972646 0.35223085 0.081462406 -0.03553793 -0.28832245 0.04948666 0.16171904 0.041671585 0.16414352 0.04833674 -0.043590344 -0.048610933 -0.4396655 0.22060513 
-0.019453194 0.23654492 0.23741926 -0.041682225 0.23425052 -0.15122335 -0.008100452 0.2835704 0.07909789 0.15673487 -0.17584103 0.22216935 0.30074397 0.2795137 -0.40536267 -0.42934817 0.43134135 0.1595867 0.078298025 0.29236734 
0.006856296 0.70728564 0.22334394 0.22810367 0.37938976 -0.3148742 0.31890196 -0.025012093 -0.026625138 0.0060941945 0.41056252 -0.04579807 -0.14669667 -0.05150189 -0.7878919 -0.18088013 0.23315655 -0.15503272 0.10352801 -0.107287325 
-0.18856633 0.43783304 0.05901039 0.4323772 0.094042584 -0.472278 0.07907988 -0.15187535 0.22756504 -0.1981265 0.23891316 0.0425443 0.18812805 0.21938933 -0.15577823 -0.007789155 -0.20382905 -0.050191846 0.36854318 -0.29032224 
0.17279145 0.046307735 0.22610253 0.41566423 0.067329705 -0.1499642 -0.31689286 0.116404615 0.15587677 -0.23193185 -0.003323749 0.10755793 0.118970335 0.41890103 0.18984778 0.08123677 0.22758438 0.39998966 0.23194571 -0.17243151 
0.025672998 0.013183519 -0.32357663 -0.28218466 -0.09898531 0.4308282 0.041214544 0.066953905 -0.10557728 0.12737149 -0.21043256 -0.025828559 0.23489808 -0.13213512 -0.2876665 0.08346166 -0.07744526 0.20473161 0.12942034 0.34227082 
0.23549812 -0.16724905 0.1444319 0.14049512 0.24763243 -0.2640369 0.19073468 0.27861392 0.1676659 0.043522835 0.47545567 0.046222363 -0.20378074 0.38596404 -0.04296286 -0.5350041 0.04233857 0.6419534 0.5615183 0.23088391 
-0.14207737 0.39089775 -0.08791092 -0.13542186 0.08739046 -0.20589158 0.34692505 -0.01251818 0.09041194 0.15555939 -0.13589314 -0.06315397 -0.12695111 0.18884712 -0.5340438 -0.49546525 0.21107261 -0.046007805 0.2739926 -0.013853799 
-0.33211952 -0.11106251 -0.21041805 -0.31591415 -0.27064434 0.046649907 -0.005515741 -0.45223933 0.114314586 0.024824806 -0.09421232 -0.30559245 -0.28437632 -0.15083604 0.19381508 -0.011853977 -0.19722103 -0.24321073 -0.22267058 -0.21296218 
0.19647337 0.37294406 0.2029159 0.12135258 0.05167031 -0.42352194 -0.06074553 -0.0082739815 0.030733323 -0.10192891 -0.119868025 0.08158832 0.27050716 0.22102705 -0.040847547 -0.556283 0.3315483 0.07961956 -0.07086431 -0.09504449 
-0.100827925 0.08934664 0.329701 -0.074217774 0.302017 0.25222987 0.0006205081 -0.3453404 0.36626694 -0.23291546 -0.14847034 -0.28618526 -0.010030716 -0.008634692 0.21838108 -0.1470367 -0.6267942 -0.0072135334 -0.16331449 -0.016979413 
0.24813211 0.28142628 0.2529657 0.17889069 -0.14416145 -0.32813 -0.28145137 0.068446904 0.10686582 -0.15349472 -0.264021 0.0022772362 0.3138283 0.02988552 0.038280796 -0.76409423 0.16513768 -0.3409718 0.1486887 -0.068451114 
0.41816196 -0.18102887 -0.5290983 -0.484662 -0.47614548 0.106958956 0.41172242 0.21759042 -0.28261045 -0.00045930594 0.11782468 0.12786043 -0.3368888 -0.13376833 -0.09470208 0.044554282 0.080054045 0.21023698 0.20792854 0.23829314 
-0.36332765 -0.17113735 -0.07207524 -0.013220262 -0.18315506 -0.007701508 0.010598726 -0.49921322 -0.12230492 0.025962992 0.2206561 -0.32265598 -0.032041345 -0.2672661 -0.030077612 0.10855937 -0.119256884 -0.06929943 0.059465528 -0.39232484 
0.015520563 -0.030142654 -0.15472937 -0.039829478 0.13266933 0.49977335 -0.17299975 -0.31092077 -0.3812142 -0.32372904 0.34324533 0.122684464 -0.04513828 0.30811286 -0.14403684 0.18411991 -0.13005435 -0.021553857 0.22461359 0.060582872 
-0.8853046 -0.32530218 -0.23076122 -0.5782542 -0.34978312 -0.18166651 0.18242703 0.17153846 -0.49211335 0.071298614 0.12518775 -0.025079936 -0.62579256 -0.3467176 -0.096015565 0.12879075 0.20049517 0.22777216 -0.048723932 0.18425024 
-0.48321074 -0.113353975 -0.16748731 -0.29053292 -0.36206904 0.17920594 -0.09228427 -0.37299103 -0.36011952 -0.09206969 0.046190973 0.0022987933 -0.03130897 0.16899711 -0.03350074 -0.117051646 -0.18312126 -0.5524084 -0.2646578 -0.070611335 
-0.054166157 0.53512913 0.14765465 0.16213183 0.40332988 -0.11763487 0.23044474 0.26306933 0.2560032 0.050655343 0.13753204 0.28880772 0.061037928 0.23940162 -0.31859952 -0.03918147 -0.10712808 0.17769419 0.3175552 0.37807894 
0.03955169 0.70544076 0.2501391 0.29613864 0.15595587 0.041483466 0.41117007 0.15137306 0.26534018 0.06365658 0.42243326 0.14508562 -0.099198505 0.23459184 -0.6319324 -0.03968601 0.051668618 -0.06521318 0.09122915 0.14605866 
