0.19327605 0.08735767 -0.12617052 -0.12488687 -0.062476173 0.019323163 -0.08789565 -0.18013887 -0.15238059 -0.26539537 -0.28348494 0.03602576 -0.2669318 0.21157236 0.06269725 0.056920785 0.027426269 0.28060198 0.122378215 -0.22907488 
-0.100848064 0.15002994 0.2045155 0.42089915 0.2974819 0.19854766 0.28593278 -0.020869233 0.021838706 0.29348278 0.14943075 0.03626833 0.18007621 0.05675769 -0.5971071 0.24427065 0.13410462 0.39912197 -0.091337375 0.1286971 
0.040592317 0.12297632 -0.25346974 -0.13910702 0.07225565 -0.06424734 0.14815284 -0.33334726 -0.045708682 -0.004211133 0.20014185 0.2621827 0.032907438 -0.021225218 -0.2906225 -0.19967224 0.38797557 -0.06340897 -0.10808615 -0.35449743 
0.079514526 0.23648351 0.06373252 -0.17471702 0.100477204 0.2033426 0.085309565 -0.15314487 -0.07906152 0.009503469 -0.05921018 -0.0126216635 0.25574046 -0.075019926 0.07598699 0.13995257 0.20606215 -0.34093335 0.30006647 0.35484606 
0.25776458 0.15527987 0.13069205 -0.03058043 0.17305419 -0.31143153 -0.036911406 -0.275522 -0.47071555 0.06081456 -0.24095707 -0.16701698 -0.13499124 0.2015282 -0.26113212 -0.07450913 0.06465359 0.029230334 0.323674 0.05384053 
-0.16726448 0.08127627 0.1475765 0.03384422 0.01386011 -0.13961673 -0.027348181 0.3115987 0.11982225 0.55005014 0.202748 -0.36392042 0.03573775 0.023957118 -0.2021085 -0.10931935 0.15850295 0.10272817 -0.19820319 -0.26075938 
-0.08769803 0.40881807 0.128145 0.1195092 -0.09153054 -0.25847664 -0.023726203 -0.2420968 -0.34957787 0.1630714 -0.20964701 -0.3763214 -0.30443686 0.10243862 -0.029040493 -0.14032865 0.32714665 -0.29854554 0.07430934 -0.32376224 
-0.06524782 -0.019551184 0.18159719 -0.15522006 -0.18480292 0.0025091295 -0.17591931 -0.080739245 -0.20980649 -0.07891837 0.07244797 0.3263874 -0.28594527 0.25009978 -0.16500701 -0.44217676 -0.42503405 -0.1119644 -0.13190348 -0.0976811 
-0.07110882 -0.15240386 0.010867222 0.23295316 0.25748187 -0.03570559 -0.008395444 0.21654907 0.29318675 -0.27992964 0.12190754 0.226418 0.12736493 -0.007882345 0.09954988 0.29450843 -0.14454095 0.0073354086 0.063722216 0.21503083 
0.14862725 -0.25971982 0.02896259 -0.21819791 -0.27656007 -0.05152523 -0.51284564 -0.15357874 -0.20325214 0.17292881 -0.34072214 -0.12793398 -0.27679375 -0.3432588 0.23943405 -0.3602021 -0.1426098 0.06318581 0.21092862 -0.15949659 
0.21647264 0.0042970395 0.050355516 -0.03086952 -0.043405738 0.20448019 0.009819041 -0.018428722 -0.25381583 -0.036576398 -0.36824933 -0.058725715 0.021942848 0.0026038482 0.0943648 -0.14544712 0.36308542 0.04659223 0.36798325 0.204357 
0.013537579 0.103656836 -0.0129171265 -0.19110408 -0.13404311 -0.24625376 0.10383821 -0.13183013 -0.17037144 0.2095502 0.08240229 0.18161331 -0.15825635 0.13138747 -0.3204829 -0.05755968 -0.01388208 -0.14351621 -0.01953784 0.0038689426 
-0.17669404 0.27214524 0.268452 0.11176367 0.4669121 0.10973516 0.051103495 0.16209507 -0.030205742 0.20081681 0.22302637 0.027355503 0.19129005 -0.010470278 -0.45782283 0.25926125 0.21172899 0.2721379 0.045142878 0.10551309 
-0.5404255 0.22011732 0.15446962 0.36724555 0.39390495 0.13854517 0.14490701 0.06448101 0.022396434 0.07528699 0.26055133 -0.007973415 -0.10918104 0.20764725 0.21863495 0.27172196 -0.26920447 0.07466391 -0.32740423 -0.08051517 
0.26012656 0.2248878 0.1448128 0.29417187 0.17752528 -0.011051503 0.2878408 0.0023382108 -0.21246348 -0.03408589 -0.14448015 0.23582725 0.1816158 0.22316779 -0.08945265 -0.07360516 0.33438942 0.0320294 0.3153551 0.07738674 
-0.4308492 -0.07282186 0.05397245 0.054056995 -0.04501317 -0.20594765 0.24878378 0.15466785 0.2281575 0.07943448 0.11455104 0.3041986 0.46777546 -0.018618109 -0.011295414 0.059479572 -0.06502435 0.6509081 -0.28316283 -0.15711759 
-0.12293447 -0.2635345 -0.35455737 -0.18782592 -0.2777461 -0.11610525 -0.22776498 -0.14713264 0.025281968 -0.06989853 -0.2031934 -0.009541026 -0.2399076 0.013077971 0.15569746 -0.23642555 -0.088895306 -0.37016153 -0.11249885 -0.2941074 
-0.0428988 0.079093456 0.2336673 0.17444551 0.18634808 -0.41446373 -0.15745212 -0.45361063 -0.22063518 -0.05166909 -0.039057467 0.1822884 -0.095959894 -0.042743973 -0.31848338 -0.6987241 0.1355692 -0.0035162447 0.15760776 -0.33742207 
-0.09289047 -0.15196595 0.40516886 0.19278012 0.12964138 0.075838506 -0.27477047 -0.006182414 -0.09854346 0.37171048 0.12474858 0.048806533 0.12057784 -0.2696051 -0.007530675 0.17456122 0.06774532 0.012219167 -0.17098749 0.16661794 
-0.03611111 0.13179064 -0.07951167 -0.02941475 -0.20753507 -0.048163008 0.21124929 0.3518526 -0.24384592 -0.15194449 0.002890806 0.06496755 0.0045398683 0.13555984 -0.10643518 0.16736366 0.33270723 -0.10411958 -0.07176137 0.0675277 
0.02006425 -0.22387058 -0.15688345 -0.057720445 0.06926639 0.057137076 0.15475243 -0.09056986 0.18373613 0.34378892 0.11941431 -0.112633616 0.038591344 -0.046791997 0.21830834 -0.11694296 -0.12808147 -0.05584266 -0.096202925 0.21076919 
0.16837397 0.26254717 0.21316499 0.27510425 0.11866238 -0.029689012 0.2154457 0.11546336 -0.23195477 0.20361836 -0.23074877 0.4160853 -0.16082396 0.21952929 0.10037721 0.27501062 0.20056498 0.30495626 0.23262794 0.2897452 
0.20401834 -0.09571142 0.10516836 -0.019606728 0.060615957 0.078767784 0.14580911 0.33454716 0.26238158 0.18948227 0.18216532 -0.114217274 0.31381142 0.10834556 0.0981202 -0.13807505 -0.08714842 0.16910332 0.08077032 0.30065498 
-0.12792641 0.045748353 0.043743167 -0.12751742 -0.07494257 -0.090665706 -0.20896292 0.16045488 0.07573808 0.16633108 -0.15625136 -0.34308487 -0.01942251 -0.054106683 -0.2396981 0.034617264 0.110525444 0.38417274 0.07377978 -0.025195219 
0.1447932 0.12620899 0.27767932 0.018207833 -0.11806091 0.24035287 0.27617064 0.45594776 0.3253457 -0.14580254 -0.22206515 0.26553598 0.10627611 -0.14800785 -0.21697508 -0.16866758 0.120096534 0.12256655 0.23028982 -0.010471234 
-0.10653387 0.056812763 -0.1403538 0.25003657 0.09157216 -0.2076638 -0.19928785 0.24783 0.23443939 0.47094575 -0.097354196 -0.42480063 0.03270711 0.101697885 -0.036231663 -0.14084965 0.055055566 -0.066861786 -0.0908381 -0.254965 
0.28582412 0.21395001 -0.22329737 -0.27416182 -0.09310954 0.02772901 -0.046943787 0.04573136 -0.19479437 0.03742583 -0.28689495 -0.14627694 0.032636132 -0.16828564 -0.116385266 0.26714078 0.15713651 -0.18218023 -0.02856732 -0.06278266 
0.34959015 -0.18751849 -0.023053933 0.132709 0.28987044 -0.053406537 0.011004665 -0.05675044 -0.38235232 0.011375227 -0.4320359 -0.20731378 -0.17640579 0.13070738 -0.47038352 -0.0981835 0.17099653 -0.018270405 0.22386014 -0.19287354 
0.18880814 -0.009358053 -0.18922983 -0.26660115 -0.2145477 -0.00015502374 -0.18902439 0.17145184 0.23169729 0.22747223 -0.13370875 -0.05695977 -0.16690743 -0.060783334 -0.19736414 -0.22851613 0.07290917 0.039834835 0.26747242 0.09009107 
0.01804882 -0.1236481 -0.22679795 0.3489201 0.16868137 -0.09240573 -0.19620028 -0.0010493277 0.12103958 -0.00079730316 0.01211889 0.330611 0.028253822 -0.22957657 -0.30801976 -0.074415125 0.11810226 0.08091344 0.038095888 0.17543902 
0.16151021 0.07706794 0.05852252 -0.1402434 0.24850447 -0.27058855 -0.25454208 -0.16386613 -0.00043828227 0.21500222 -0.24266577 0.121353164 0.11611366 0.15621367 -0.33954686 -0.48291373 -0.068135954 0.065119825 -0.15300134 -0.2398888 
0.08357367 0.09957897 -0.20862252 -0.31972143 -0.14282873 0.24972057 0.12217742 0.111277334 -0.020633454 0.1564858 -0.012524728 0.020950157 0.18052772 0.03692662 0.24874967 -0.03358901 0.26190665 0.027039217 0.26619384 0.0077634826 
-0.121732295 -0.49656495 -0.058356714 -0.021146057 0.09775307 0.21516979 -0.020117957 0.27957606 0.065434255 -0.05878443 0.15563166 -0.11563129 0.37948084 0.11311077 0.2636845 0.20723549 -0.2925131 0.16414088 0.00971576 0.33520448 
-0.10273136 0.2811524 0.02342737 0.17321967 0.1426748 -0.5460157 -0.23842837 0.004784891 0.08706036 0.18155803 -0.2060471 -0.41178972 0.2563648 -0.2759661 -0.17273854 -0.3113009 0.2338243 0.07656314 -0.015001765 -0.4610639 
0.14685225 0.028852636 -0.1878468 0.06505406 0.25316766 -0.043085665 -0.11759011 0.40729812 0.17179003 -0.104266085 0.13837165 -0.045161586 0.22946304 0.30084088 -0.103037395 -0.0974413 -0.18068638 0.14171995 -0.12679419 0.08814401 
0.016646326 0.016496938 -0.1725305 -0.15604903 -0.3022013 -0.2788428 -0.2989162 0.054692905 -0.34712592 0.18966307 -0.2064365 0.0018010344 -0.07531185 0.28070843 0.05198554 0.20716646 -0.059634414 0.09582248 -0.020033907 -0.060146075 
0.1889924 0.2832253 -0.2294181 0.051547233 -0.15245745 -0.1573033 -0.21812955 0.20976701 -0.115886 0.06621827 -0.09770389 -0.018703219 0.21033849 0.062415697 -0.07299983 -0.1470383 0.34353167 -0.27081707 0.27478254 0.13905045 
0.36798224 0.3967994 -0.2701797 -0.0081797615 0.17081167 -0.17653057 -0.08066722 0.28738156 -0.36998492 -0.017407998 -0.5312581 -0.10706164 -0.06302677 0.06734982 -0.13509835 0.051030565 0.014788579 -0.17608094 -0.051007863 0.23616326 
-0.26403603 -0.2734359 0.176222 -0.016096262 -0.27601072 -0.37736264 -0.07924674 -0.03621723 0.023208536 -0.0071666273 -0.07780926 0.2999777 -0.19051383 -0.08229248 0.23780611 0.018674504 -0.13482234 -0.101862125 -0.08918682 -0.31295228 
-0.1063012 0.2406669 0.04266875 0.07378599 0.2372772 0.052621312 -0.21507685 -0.12063438 0.35371125 0.32557148 -0.39548582 -0.2533772 0.037617043 0.09717693 -0.24011444 -0.31517583 0.15133463 -0.050097905 0.13782161 0.121539526 
-0.041745648 0.14890523 -0.17811023 -0.026495649 -0.11157192 0.035906956 0.035804328 -0.11053433 0.31760758 0.24545752 -0.25172174 0.26241267 0.16819781 0.08167719 -0.12923045 -0.36516866 0.0064321994 0.11454622 -0.1064476 -0.08890926 
0.004816034 0.17042272 0.10534929 0.24430574 -0.08995007 -0.23249546 -0.079995036 -0.27747 -0.14177817 -0.12351659 0.04255809 0.18512858 -0.10189088 -0.33816782 -0.35362938 -0.085358545 0.08935271 -0.081295304 0.11529742 -0.05336803 
0.082130514 0.15197341 -0.17975216 -0.31868377 -0.007531489 0.1644712 0.23741312 -0.3361866 -0.10377423 0.0050391164 -0.25466272 0.22348043 0.19476748 -0.08480787 -0.16470782 0.25963065 -0.041795492 -0.18311276 0.27630907 -0.22787821 
0.07774714 0.049489804 0.102233164 0.20472234 0.10629424 -0.0034232289 0.34490758 0.20564182 -0.12172642 -0.14292857 -0.08393666 0.2606185 -0.16879776 0.21334183 -0.042204935 0.2626999 -0.015586512 -6.499274e-05 -0.2117004 -0.14710933 
0.33250108 0.3745989 -0.024140332 -0.46281213 -0.25135523 0.17562088 0.13008185 0.3110798 -0.15376163 -0.0821766 0.020442396 -0.015587374 0.06714705 -0.18521895 -0.1596297 0.19085307 0.120589755 -0.20867293 0.23222043 0.13489276 
0.10131848 0.10885247 -0.10053504 -0.36433014 -0.17651635 0.06749094 0.07988498 0.17326492 -0.23949216 -0.33053762 0.019502344 0.16900757 -0.26152977 0.15423517 -0.30158612 0.13731775 -0.09104556 -0.018358871 -0.105033465 -0.14883992 
0.14562616 0.14725263 -0.23566033 -0.3841831 -0.35142535 -0.23772258 0.1761028 -0.013370293 -0.122497484 -0.077997945 0.050379824 0.0269528 0.21164766 0.21686865 -0.084055126 0.2218593 0.09212429 0.0010387271 0.070404425 -0.24424678 
0.13308172 0.32742476 0.010667135 0.17128605 0.15809545 0.10074838 0.34088105 -0.04773379 -0.11498017 -0.31302485 0.022242155 -0.049025208 0.14895807 -0.14405382 0.26543367 0.3658851 0.15754253 0.087352544 0.13831982 0.051949237 
0.012200217 0.11159357 -0.06388942 -0.10618296 -0.11668326 -0.35912806 -0.13286538 0.23083182 0.29856515 -0.13197902 -0.34682992 -0.24320146 -0.26629713 -0.19847967 0.12965824 -0.3021712 -0.038212683 0.07532528 0.093292624 -0.14514068 
0.06539692 -0.010491395 0.083111756 0.013671103 -0.036937047 -0.077723995 0.13842529 -0.43282017 -0.21913536 0.055117227 -0.11906989 0.042014632 -0.16944812 -0.18275923 0.23570505 -0.17270732 -0.045554873 -0.08958211 0.12784009 0.009447702 
0.18041357 0.09716261 -0.04931946 -0.052592702 -0.081628874 -0.015814895 -0.12034289 0.45439664 -0.2260385 -0.15597095 -0.12034135 0.11086221 -0.03390531 -0.19029003 -0.2708175 0.042597212 0.13114022 -0.15607628 0.06253431 -0.0694343 
0.15311979 0.28097463 -0.045704216 -0.18504374 -0.14786409 0.23404156 0.08334515 0.12854035 -0.04028841 0.38159624 -0.020702058 -0.18387912 -0.006197951 0.24224958 0.414327 0.09352491 -0.024846228 0.14253758 0.3151474 -0.059674338 
0.14104295 -0.12893122 -0.5018364 -0.15901941 0.047969613 -0.07307155 0.18093047 -0.17898041 -0.17139386 -0.00946039 -0.15646225 0.11673075 -0.016853774 0.019910354 -0.25979427 -0.29915223 -0.2524021 -0.07478089 0.24870954 -0.4156848 
-0.03563284 -0.12274479 0.1138349 0.20802367 0.1406069 0.07801705 -0.390843 -0.046790276 0.03701253 -0.25482443 0.047172815 0.25645167 -0.20235749 -0.026812728 -0.25747684 -0.21425052 -0.26170436 -0.31357333 0.01517859 0.10414545 
-0.014860141 -0.0051710033 0.026481235 0.054235846 -0.042615034 -0.31907344 0.3705286 0.013280551 -0.008879963 0.019590493 -0.24435441 -0.26292333 -0.19931658 -0.2796084 -0.14129022 -0.27831504 -0.11166103 -0.17573017 0.18420388 -0.20930904 
-0.2303439 0.21996935 -0.15558603 0.0020666572 -0.15048079 -0.21731943 -0.25526547 -0.12151692 0.045311365 -0.2094002 0.15374275 0.052598808 -0.07560202 0.058485217 -0.13497236 -0.2689752 0.13125786 0.15300523 -0.15128718 -0.2497709 
-0.11527212 -0.25348568 -0.39915484 0.17645258 -0.041915413 0.13685666 -0.13504596 0.22667134 -0.03477302 -0.47618437 -0.05697121 0.32844818 -0.27358076 0.26496315 0.00096279563 -0.28335276 0.12443435 -0.21534447 -0.061349567 -0.10004589 
-0.17691535 -0.30638686 -0.0713116 -0.27955246 -0.227442 -0.27594936 0.07389857 -0.023782143 0.00397878 0.19241853 -0.3032129 0.18877411 -0.27704257 0.19143383 0.117640585 -0.5793322 0.046076138 -0.15249987 -0.09705026 -0.10270153 
-0.04299349 -0.07604661 -0.26215038 0.02152536 0.002523648 0.04767671 -0.24348499 -0.05132689 -0.24189258 0.24750872 -0.32544717 0.1216329 -0.03919779 0.21625078 0.042520452 0.08598427 -0.1252429 -0.13965863 -0.21180972 -0.19388293 
0.09770095 0.004617397 0.18119976 0.035961054 0.23514234 0.040997475 -0.21670716 0.0575608 0.058275014 0.054162104 -0.0594672 -0.40855566 -0.26704633 -0.32475272 0.08831833 0.07542785 -0.056337863 -0.1324654 -0.10620545 -0.14897203 
0.3978145 0.117640845 0.12482889 -0.027517745 -0.0017776487 0.23211408 -0.05065741 0.20460759 0.028692603 0.34190556 -0.11557095 -0.09207017 0.15316927 -0.081550844 -0.197145 -0.17321013 0.15805514 -0.12584127 0.12784845 0.27940857 
0.45646006 0.21137317 0.07449122 -0.18862168 -0.13497356 0.31549904 -0.09146328 0.1971177 -0.29394162 0.268249 -0.60041785 0.13283241 0.29037356 -0.19264042 -0.3116843 0.11174858 0.11285356 0.11556974 0.30839035 0.13552225 
-0.20740822 0.10706663 0.018783038 -0.15193853 -0.032639407 0.19472897 -0.45035616 -0.0021062489 -0.25907505 -0.17162295 0.030643534 0.20313005 -0.22363007 0.046517726 -0.11904571 0.05635801 -0.038679697 -0.102122284 -0.19491282 0.14629842 
-0.1697301 0.19526035 0.0896517 -0.17537206 0.026809096 -0.21763071 -0.26631382 -0.22711477 -0.175354 -0.035030518 0.05457122 -0.0834678 0.09464274 -0.4894221 -0.28835136 -0.2385124 -0.11489366 0.22046567 -0.20500477 -0.36860037 
0.15417188 -0.0525419 0.095299974 -0.110319875 -0.07750901 -0.031621415 -0.09723651 0.013955609 -0.07121653 0.08883814 -0.252107 -0.4365356 0.1408316 -0.4050211 0.19552553 -0.2934709 0.4031096 0.005688852 -0.14874984 -0.27356124 
-0.31064913 0.26053724 0.54995346 0.15496619 -0.110861346 0.11635415 -0.23085698 -0.034222674 -0.003272559 0.044981267 0.29583764 -0.2579191 -0.107812725 -0.22479123 -0.084302925 0.2906576 0.05763186 0.09134114 -0.29657146 -0.058217853 
0.065627664 -0.04051468 0.84896946 0.27894244 -0.068954796 0.170348 0.1607356 -0.20811175 0.1713229 0.17386736 0.12698638 0.17309235 0.20578948 -0.15086958 -0.31499383 -0.14240178 0.31480277 -0.10170891 0.016883198 -0.09951244 
0.008243835 -0.095297806 0.28278187 -0.09762438 -0.28538814 -0.39211753 0.19559364 -0.025213629 -0.21123002 0.09755374 0.26671502 0.31099716 -0.09949197 0.14814916 -0.20854034 0.1162869 -0.26718232 0.12381943 -0.05280742 -0.26436087 
-0.23259632 0.06724804 0.091837905 0.11305146 0.087253936 0.1808354 0.005844708 0.07841526 0.22621073 -0.09127938 -0.10613118 0.15463641 0.2560126 0.028605852 0.10144907 -0.051067583 -0.11789888 0.53335905 0.16971894 0.04167549 
-0.12749252 -0.011678122 -0.04450301 -0.20308557 -0.2991201 0.187611 -0.15170732 0.033767752 -0.3901302 -0.22274186 0.22956018 0.09283153 -0.015923014 0.27083755 0.02748798 -0.22229846 -0.089107595 -0.21524495 0.037311338 -0.111746006 
0.38442454 0.5178266 -0.0725468 0.32442424 0.017477177 0.22837566 0.4233073 -0.24624503 -0.38134074 0.013237974 -0.5979003 0.25755358 0.008169707 0.07511364 -0.076086804 0.20356494 0.488033 0.14258026 0.26991987 -0.012820258 
0.3180346 -0.04364987 0.17911151 0.052063018 -0.17429382 0.14808474 0.21967666 0.15765727 -0.08157489 -0.08706203 -0.12627305 0.19119121 -0.0293866 -0.10789501 -0.18798053 -0.030110871 0.19542561 -0.13811305 0.14030129 0.07921808 
-0.16701563 0.24616952 -0.18709247 0.019257708 -0.022716759 -0.09594666 -0.050937366 -0.08201715 -0.026225442 -0.16003284 -0.0559325 -0.005350936 -0.23630808 0.21165402 -0.015116353 0.17195538 -0.24140483 0.03095892 -0.02629667 0.039977048 
0.2762382 0.27737874 -0.011244866 0.1284235 0.0631974 0.2559316 -0.20004398 0.041171256 0.039356045 0.22410588 -0.18369791 -0.1902387 0.25108784 0.1573276 -0.1716381 0.15936564 0.30295444 -0.32588905 0.44988993 0.3213664 
-0.1049893 -0.10917809 0.03480018 -0.053296063 -0.1857094 -0.18374972 -0.14647213 -0.12972163 0.28702223 0.23611458 -0.13862039 0.11551623 -0.24462397 0.10733455 0.21514685 -0.05837786 -0.15853761 0.11881235 -0.08890605 -0.22675988 
-0.0564707 0.17074993 0.07076088 0.005720993 -0.19558315 -0.24080819 0.13363521 0.12445241 0.087693654 0.24476838 0.11552489 0.16503179 -0.21686645 0.23851374 0.23695347 -0.13944845 0.069840245 0.05821445 -0.21044296 0.07212237 
-0.11220949 -0.0026571383 -0.20557657 -0.16702746 -0.17211443 -0.053888056 -0.071955964 0.12573153 0.11680462 0.4509477 -0.15066007 -0.04430135 -0.095617 0.07279618 -0.17036134 0.055682622 -0.47579092 0.16728157 -0.13768548 -0.026361018 
-0.19705768 0.14087842 -0.11065948 -0.017055443 0.323282 -0.19255386 0.116557196 0.14402537 0.33925405 -0.44702286 -0.03950726 0.07489353 0.16240148 0.060616016 -0.027087994 -0.012418159 -0.052747488 -0.17994715 0.15376957 -0.12836498 
-0.0395131 -0.24655433 0.13562177 0.11294564 0.62906283 0.45397732 0.12723072 0.43464673 0.13025483 -0.14157276 0.09993778 0.16783375 0.11265712 -0.26655477 0.092942744 -0.13056447 0.005201307 -0.17825863 -0.074671075 0.47244212 
-0.16338317 -0.17705639 0.07512178 0.19797224 0.2943545 0.26329193 -0.018509962 -0.05234873 -0.17406131 0.048131455 0.35208374 0.26639318 0.19465898 0.29332617 -0.16773735 0.24385735 0.048161034 0.35003224 -0.21593772 0.09481489 
-0.19222893 0.04779272 0.117606185 -0.50213546 -0.11786015 -0.17111413 0.15790899 -0.3470802 -0.07294308 -0.19127728 0.055497367 0.06871199 -0.18885718 0.14554347 0.13298456 0.04813887 -0.21313015 0.05342037 0.03529158 -0.3231196 
-0.1934139 0.20380664 0.0040217913 0.39802194 0.27618998 -0.06678506 -0.06886481 0.25517267 -0.027944505 -0.0550131 0.36374646 0.1795721 0.4527105 0.0032533938 -0.44301417 0.27089578 0.18796864 0.2951903 -0.18009025 0.103178665 
-0.21738929 0.33475298 0.13199641 -0.057176225 -0.414685 -0.22478262 -0.047416486 -0.04510392 0.021942643 -0.4627327 -0.056276634 0.014896905 -0.36461115 0.25651142 0.07109323 0.26545894 0.21184969 0.18371022 -0.1997839 -0.2755499 
0.021724027 -0.04824633 0.18914838 0.21189547 0.15750486 0.33462083 0.1466727 0.17748019 0.038382612 0.19595528 -0.27704498 0.060379095 -0.19304405 0.20358135 0.3775987 0.2740979 0.1770542 0.22285312 -0.039114155 0.2987193 
0.0040867464 0.057591777 -0.19322108 0.007531077 0.0011573856 -0.27870083 -0.64383835 -0.27692777 -0.21038212 -0.024601253 0.006013043 0.13844194 -0.016125405 -0.12018782 0.12803912 -0.49089813 0.08402463 -0.2882158 -0.25369647 -0.063894235 
-0.16496362 -0.059420284 -0.36811098 -0.3140637 -0.16483414 0.05508642 0.14565258 -0.044493124 -0.050034735 -0.26290497 -0.18042804 0.07577664 -0.19147818 0.47999957 0.15406114 -0.13351613 -0.062150028 -0.16243383 -0.12855867 0.012296481 
0.24883172 0.34457222 -0.20831682 -0.07370601 -0.013435469 0.26711866 -0.048688818 0.33474085 -0.29959252 -0.0017623806 -0.44417775 -0.06121957 0.20952322 -0.12816891 0.019287836 0.18617652 0.36715075 0.056860413 0.4257223 0.25370428 
-0.119156405 -0.13810898 -0.31923857 0.09299598 -0.22538522 -0.06384947 0.3536519 0.18902752 0.16428685 0.06890123 0.27851442 0.08078239 0.16508575 0.24736568 -0.05457009 0.073765345 -0.046934005 0.14306603 0.10334141 0.18648413 
-0.095987305 0.021316895 -0.17780495 -0.16256587 -0.06713714 0.049097914 -0.13573366 0.27797055 0.20499986 0.41974682 0.06597005 -0.22396313 0.24599257 0.19140771 -0.09164759 0.13040097 -0.106777646 0.35913256 -0.14445221 0.07501613 
0.16182818 -0.1279178 0.3971321 0.04213183 0.17193711 -0.0014688474 0.28269276 0.23534922 -0.076601736 0.06001741 -0.0013789539 0.24475536 -0.15973493 0.09462206 -0.06608175 0.011327965 -0.058791816 0.1785778 -0.040382173 0.15837595 
0.062401995 -0.21074875 0.1271947 0.5359346 0.3376945 0.35632455 -0.008347673 -0.0022711728 0.31482866 -0.14926773 -0.24644923 -0.1412959 0.21346106 -0.14018498 0.23500799 -0.11717986 0.11675672 0.28639176 -0.2088026 -0.038147923 
0.07230287 -0.21804868 -0.29163808 0.065227486 -0.09486715 0.1508092 -0.018796792 0.01267933 0.064415306 -0.13688543 -0.38843924 0.30192864 -0.39716643 -0.13650738 0.15712489 0.03071925 -0.1388414 -0.016880624 0.059503898 0.10991166 
0.124328874 0.09803619 0.040441908 0.25060076 0.4335932 -0.19880064 -0.066255875 -0.12430769 0.013898678 -0.07008166 0.023817133 0.20881134 -0.25963953 0.36912236 0.14588174 0.0825405 -0.15914609 0.058093656 0.23076636 -0.29784995 
0.2875911 0.19893149 0.29864073 0.1350531 0.18183598 -0.22372775 -0.22009169 -0.16952266 -0.1837484 0.076049544 0.25226215 -0.20278189 -0.21983922 -0.6238452 0.11127918 -0.1844087 0.19536042 -0.026517307 0.06443018 0.14103319 
0.39608848 0.09646331 0.0412807 -0.10872243 -0.053006485 -0.023818217 0.06227575 0.14550069 -0.019824022 0.18004605 -0.25031337 0.038185723 -0.09762937 0.02360489 -0.21825507 -0.15128134 0.33463553 -0.20317082 0.5676394 0.15104216 
0.086632036 0.12118322 0.13327065 0.06769249 0.26364216 -0.3472544 -0.014041595 -0.2582402 -0.3318883 0.25095376 -0.09317326 -0.0508312 -0.30111524 0.06730783 -0.189175 -0.067577325 -0.14434843 -0.03899603 0.17319594 -0.38797754 
0.046408683 0.1676494 0.06378864 0.058132697 0.13717972 0.095587604 0.069123514 -0.05412701 0.17178616 -0.1701133 0.14871648 0.092819564 0.19600603 0.037338097 -0.10940627 0.27308568 -0.25389478 0.50430685 -0.095303625 -0.035329677 
-0.063109376 -0.38977835 0.029592404 -0.02846375 0.173093 -0.10335259 -0.23443276 -0.032642107 0.13000005 -0.21334408 0.09533944 0.2425794 -0.2646852 -0.26578712 0.064988464 -0.017776055 0.053740118 -0.1140052 -0.11346021 -0.16142468 
0.18646564 -0.18275274 -0.114826575 -0.14512528 -0.08530655 0.20702815 -0.01028209 -0.057366297 0.15109438 -0.053340863 0.0965847 -0.14258711 0.27904826 0.30762866 0.0054663564 0.027361557 -0.002219008 0.22357972 0.11237928 0.15510811 
0.09432086 -0.11818955 0.22583203 -0.19790201 -0.09222909 0.044641517 -0.23031583 -0.04614378 -0.012689713 -0.07678943 -0.05422319 0.18483903 -0.19298059 -0.013748337 -0.11517808 -0.25258434 -0.16558646 -0.38319615 -0.10893623 -0.104610406 
